-0.99828,0.99241,-0.8773,-0.7161,0.0,0.0,0.0,0.0,0.0,0.0,0.0,0.0,0.0,0.0,0.0,0.0,0.058559,0.12299,-0.47995,-0.69799,0.0,0.0,0.0,0.0,0.0,0.0,0.0,0.0,0.0,0.0,0.0,0.0
0.9975,0.97557,0.84948,0.69921,0.0,0.0,0.0,0.0,0.0,0.0,0.0,0.0,0.0,0.0,0.0,0.0,0.070731,0.21969,0.52762,0.71491,0.0,0.0,0.0,0.0,0.0,0.0,0.0,0.0,0.0,0.0,0.0,0.0
-0.99411,0.97139,0.83597,-0.68179,-0.64819,0.0,0.0,0.0,0.0,0.0,0.0,0.0,0.0,0.0,0.0,0.0,-0.10838,0.23751,0.54878,-0.73155,-0.76148,0.0,0.0,0.0,0.0,0.0,0.0,0.0,0.0,0.0,0.0,0.0
-0.9981,0.0,0.0,0.64429,-0.63747,-0.65047,0.61299,0.0,0.0,0.0,0.0,0.0,0.0,0.0,0.0,0.0,-0.061554,0.0,0.0,0.67924,-0.77048,-0.75953,0.67662,0.0,0.0,0.0,0.0,0.0,0.0,0.0,0.0,0.0
0.99988,0.0,0.0,0.0,0.0,0.6363,-0.64666,0.64317,0.0,0.0,0.0,0.0,0.0,0.0,0.0,0.0,0.015299,0.0,0.0,0.0,0.0,0.77144,-0.76277,0.71754,0.0,0.0,0.0,0.0,0.0,0.0,0.0,0.0
-0.9997,0.0,0.0,0.0,0.0,0.0,0.64222,0.66552,0.68507,0.0,0.0,0.0,0.0,0.0,0.0,0.0,0.02459,0.0,0.0,0.0,0.0,0.0,0.76652,0.74638,0.72848,0.0,0.0,0.0,0.0,0.0,0.0,0.0
0.9992,0.0,0.0,0.0,0.0,0.0,0.0,-0.67739,0.68112,-0.70058,0.0,0.0,0.0,0.0,0.0,0.0,-0.040059,0.0,0.0,0.0,0.0,0.0,0.0,-0.73563,0.73217,-0.71358,0.0,0.0,0.0,0.0,0.0,0.0
0.99907,0.0,0.0,0.0,0.0,0.0,0.0,0.0,-0.74411,0.73881,0.75693,0.0,0.0,0.0,0.0,0.0,-0.043027,0.0,0.0,0.0,0.0,0.0,0.0,0.0,-0.66806,0.67392,0.6535,0.0,0.0,0.0,0.0,0.0
-0.99901,0.0,0.0,0.0,0.0,0.0,0.0,0.0,0.89852,0.82528,0.82279,0.77983,0.0,0.0,0.0,0.0,0.044578,0.0,0.0,0.0,0.0,0.0,0.0,0.0,0.43892,0.56473,0.56835,0.5302,0.0,0.0,0.0,0.0
-0.99918,0.0,0.0,0.0,0.0,0.0,0.0,0.0,-0.99625,0.92878,-0.8949,0.89835,0.0,0.0,0.0,0.0,0.040582,0.0,0.0,0.0,0.0,0.0,0.0,0.0,-0.086484,0.37064,-0.44627,0.43928,0.0,0.0,0.0,0.0
-0.99991,0.0,0.0,0.0,0.0,0.0,0.0,0.0,0.9833,-0.98189,0.94604,0.9493,0.0,0.0,0.0,0.0,0.013592,0.0,0.0,0.0,0.0,0.0,0.0,0.0,-0.18198,-0.18944,0.32404,0.31438,0.0,0.0,0.0,0.0
0.99987,0.0,0.0,0.0,0.0,0.0,0.0,-0.82557,-0.94714,-0.99683,-0.96777,0.96901,0.93832,0.0,0.0,0.0,-0.016109,0.0,0.0,0.0,0.0,0.0,0.0,0.56431,0.32082,-0.079509,-0.25185,0.24702,0.32066,0.0,0.0,0.0
-0.99929,0.0,0.0,0.0,0.0,0.0,-0.77404,0.8059,0.0,0.0,0.97009,0.97251,0.9615,0.0,0.0,0.0,0.037584,0.0,0.0,0.0,0.0,0.0,0.63313,-0.59205,0.0,0.0,0.24275,0.23284,0.27482,0.0,0.0,0.0
0.99896,0.0,0.0,0.0,0.0,0.76368,0.77606,0.0,0.0,0.0,0.91518,0.97364,-0.97214,0.0,0.0,0.0,-0.045574,0.0,0.0,0.0,0.0,-0.64559,-0.63066,0.0,0.0,0.0,0.24689,0.22807,-0.23439,0.0,0.0,0.0
-0.99856,0.0,0.0,0.0,0.71903,0.76786,0.0,0.0,0.0,0.0,0.0,-0.97191,-0.97488,0.0,0.0,0.0,0.053567,0.0,0.0,0.0,-0.6436,-0.64062,0.0,0.0,0.0,0.0,0.0,-0.23536,-0.22271,0.0,0.0,0.0
-0.99862,0.0,0.0,0.0,-0.75339,0.0,0.0,0.0,0.0,0.0,0.0,0.96894,0.96849,0.87614,0.0,0.0,0.052568,0.0,0.0,0.0,0.65757,0.0,0.0,0.0,0.0,0.0,0.0,0.24731,0.24905,0.27439,0.0,0.0
-0.99933,0.0,0.0,-0.7884,0.0,0.0,0.0,0.0,0.0,0.0,0.0,0.96554,-0.96572,0.95744,0.0,0.0,0.036584,0.0,0.0,0.61516,0.0,0.0,0.0,0.0,0.0,0.0,0.0,0.26027,-0.25959,0.28863,0.0,0.0
0.99812,-0.96701,-0.88346,-0.86251,0.0,0.0,0.0,0.0,0.0,0.0,0.0,-0.92043,-0.96877,-0.96572,0.0,0.0,-0.061292,0.25475,0.4685,0.50604,0.0,0.0,0.0,0.0,0.0,0.0,0.0,-0.26926,-0.24798,-0.25959,0.0,0.0
0.99794,0.9727,0.92796,-0.95215,0.0,0.0,0.0,0.0,0.0,0.0,0.0,0.0,-0.97577,0.97776,0.0,0.0,-0.064146,-0.23206,-0.37268,0.30562,0.0,0.0,0.0,0.0,0.0,0.0,0.0,0.0,-0.21881,0.20973,0.0,0.0
0.99881,0.98619,0.96854,0.99409,-0.92244,0.0,0.0,0.0,0.0,0.0,0.0,0.0,-0.97214,0.97674,0.0,0.0,-0.048711,-0.16563,-0.24886,-0.10859,-0.24993,0.0,0.0,0.0,0.0,0.0,0.0,0.0,-0.23439,0.21442,0.0,0.0
0.99891,0.99464,0.9902,-0.9994,0.90683,0.0,0.0,0.0,0.0,0.0,0.0,0.0,0.96036,0.97139,-0.96361,0.0,-0.046713,-0.10341,-0.13964,-0.034586,0.4215,0.0,0.0,0.0,0.0,0.0,0.0,0.0,0.27876,0.23751,-0.2673,0.0
-0.9995,0.9985,0.99815,0.0,0.0,-0.7168,0.0,0.0,0.0,0.0,0.0,0.0,-0.9527,-0.97488,-0.97191,0.0,0.031587,-0.054713,-0.060872,0.0,0.0,-0.69728,0.0,0.0,0.0,0.0,0.0,0.0,-0.29219,-0.22271,-0.23536,0.0
-0.99972,-0.99959,-0.99994,0.0,0.0,0.0,-0.68398,-0.64869,0.0,0.0,0.0,0.0,0.0,0.97803,-0.97664,0.0,0.02359,0.028589,0.010592,0.0,0.0,0.0,-0.7295,-0.65941,0.0,0.0,0.0,0.0,0.0,0.20846,-0.2149,0.0
0.99988,0.99978,1.0,0.0,0.0,0.0,0.0,-0.68398,0.65916,0.0,0.0,0.0,0.0,-0.97376,-0.9733,0.95141,-0.015629,-0.021108,-0.0001007,0.0,0.0,0.0,0.0,-0.7295,0.71829,0.0,0.0,0.0,0.0,-0.22758,-0.22953,0.22126
-0.99993,-0.99986,0.9999,0.0,0.0,0.0,0.0,0.0,-0.66104,0.66148,0.0,0.0,0.0,0.95833,0.97219,0.98745,-0.011592,0.016592,-0.01414,0.0,0.0,0.0,0.0,0.0,-0.75035,0.74996,0.0,0.0,0.0,0.28566,0.2342,0.15794
0.99993,0.99981,-0.99962,0.0,0.0,0.0,0.0,0.0,0.0,0.65742,0.67495,0.0,0.0,0.93858,-0.97376,-0.99309,0.01168,-0.019309,0.027589,0.0,0.0,0.0,0.0,0.0,0.0,0.75352,0.73786,0.0,0.0,0.34506,-0.22758,-0.11732
0.99988,0.99965,-0.99947,0.0,0.0,0.0,0.0,0.0,0.0,0.0,-0.66449,-0.65803,0.0,-0.88856,0.96839,0.99236,-0.015229,-0.026567,0.032587,0.0,0.0,0.0,0.0,0.0,0.0,0.0,-0.73184,-0.75299,0.0,-0.45875,0.24944,0.12338
-0.99985,-0.99977,0.99965,0.0,0.0,0.0,0.0,0.0,0.0,0.0,0.0,0.6027,-0.66628,-0.79208,0.92814,-0.9777,0.017592,0.021591,-0.026557,0.0,0.0,0.0,0.0,0.0,0.0,0.0,0.0,0.69866,-0.74571,-0.61042,0.37222,-0.21002
-0.99994,-0.99993,1.0,0.0,0.0,0.0,0.0,0.0,0.0,0.0,0.0,0.0,0.0,0.71951,0.85797,0.93544,-0.010592,-0.011592,0.0003086,0.0,0.0,0.0,0.0,0.0,0.0,0.0,0.0,0.0,0.0,0.69448,0.51371,0.35349
0.9999,-0.99981,1.0,0.0,0.0,0.0,0.0,0.0,0.0,0.0,0.0,0.0,0.0,0.0,0.78981,0.86052,0.0141,-0.019591,0.001266,0.0,0.0,0.0,0.0,0.0,0.0,0.0,0.0,0.0,0.0,0.0,0.61335,0.50941
0.99993,0.99981,0.99999,0.0,0.0,0.0,0.0,0.0,0.0,0.0,0.0,0.0,0.0,0.0,0.59775,0.67406,0.01224,0.019459,-0.005257,0.0,0.0,0.0,0.0,0.0,0.0,0.0,0.0,0.0,0.0,0.0,0.80168,0.73867
-0.99997,-0.99989,1.0,0.0,0.0,0.0,0.0,0.0,0.0,0.0,0.0,0.0,0.0,0.0,0.0,0.26268,-0.0075926,-0.014592,-0.0004125,0.0,0.0,0.0,0.0,0.0,0.0,0.0,0.0,0.0,0.0,0.0,0.0,0.96488
-0.99997,-0.99989,1.0,0.0,0.0,0.0,0.0,0.0,0.0,0.0,0.0,0.0,0.0,0.0,0.0,0.26268,0.0075926,0.014592,0.0004125,0.0,0.0,0.0,0.0,0.0,0.0,0.0,0.0,0.0,0.0,0.0,0.0,-0.96488
0.99993,0.99981,0.99999,0.0,0.0,0.0,0.0,0.0,0.0,0.0,0.0,0.0,0.0,0.0,0.59775,0.67406,-0.01224,-0.019459,0.005257,0.0,0.0,0.0,0.0,0.0,0.0,0.0,0.0,0.0,0.0,0.0,-0.80168,-0.73867
0.9999,-0.99981,1.0,0.0,0.0,0.0,0.0,0.0,0.0,0.0,0.0,0.0,0.0,0.0,0.78981,0.86052,-0.0141,0.019591,-0.001266,0.0,0.0,0.0,0.0,0.0,0.0,0.0,0.0,0.0,0.0,0.0,-0.61335,-0.50941
-0.99994,-0.99993,1.0,0.0,0.0,0.0,0.0,0.0,0.0,0.0,0.0,0.0,0.0,0.71951,0.85797,0.93544,0.010592,0.011592,-0.0003086,0.0,0.0,0.0,0.0,0.0,0.0,0.0,0.0,0.0,0.0,-0.69448,-0.51371,-0.35349
-0.99985,-0.99977,0.99965,0.0,0.0,0.0,0.0,0.0,0.0,0.0,0.0,0.6027,-0.66628,-0.79208,0.92814,-0.9777,-0.017592,-0.021591,0.026557,0.0,0.0,0.0,0.0,0.0,0.0,0.0,0.0,-0.69866,0.74571,0.61042,-0.37222,0.21002
0.99988,0.99965,-0.99947,0.0,0.0,0.0,0.0,0.0,0.0,0.0,-0.66449,-0.65803,0.0,-0.88856,0.96839,0.99236,0.015229,0.026567,-0.032587,0.0,0.0,0.0,0.0,0.0,0.0,0.0,0.73184,0.75299,0.0,0.45875,-0.24944,-0.12338
0.99993,0.99981,-0.99962,0.0,0.0,0.0,0.0,0.0,0.0,0.65742,0.67495,0.0,0.0,0.93858,-0.97376,-0.99309,-0.01168,0.019309,-0.027589,0.0,0.0,0.0,0.0,0.0,0.0,-0.75352,-0.73786,0.0,0.0,-0.34506,0.22758,0.11732
-0.99993,-0.99986,0.9999,0.0,0.0,0.0,0.0,0.0,-0.66104,0.66148,0.0,0.0,0.0,0.95833,0.97219,0.98745,0.011592,-0.016592,0.01414,0.0,0.0,0.0,0.0,0.0,0.75035,-0.74996,0.0,0.0,0.0,-0.28566,-0.2342,-0.15794
0.99988,0.99978,1.0,0.0,0.0,0.0,0.0,-0.68398,0.65916,0.0,0.0,0.0,0.0,-0.97376,-0.9733,0.95141,0.015629,0.021108,0.0001007,0.0,0.0,0.0,0.0,0.7295,-0.71829,0.0,0.0,0.0,0.0,0.22758,0.22953,-0.22126
-0.99972,-0.99959,-0.99994,0.0,0.0,0.0,-0.68398,-0.64869,0.0,0.0,0.0,0.0,0.0,0.97803,-0.97664,0.0,-0.02359,-0.028589,-0.010592,0.0,0.0,0.0,0.7295,0.65941,0.0,0.0,0.0,0.0,0.0,-0.20846,0.2149,0.0
-0.9995,0.9985,0.99815,0.0,0.0,-0.7168,0.0,0.0,0.0,0.0,0.0,0.0,-0.9527,-0.97488,-0.97191,0.0,-0.031587,0.054713,0.060872,0.0,0.0,0.69728,0.0,0.0,0.0,0.0,0.0,0.0,0.29219,0.22271,0.23536,0.0
0.99891,0.99464,0.9902,-0.9994,0.90683,0.0,0.0,0.0,0.0,0.0,0.0,0.0,0.96036,0.97139,-0.96361,0.0,0.046713,0.10341,0.13964,0.034586,-0.4215,0.0,0.0,0.0,0.0,0.0,0.0,0.0,-0.27876,-0.23751,0.2673,0.0
0.99881,0.98619,0.96854,0.99409,-0.92244,0.0,0.0,0.0,0.0,0.0,0.0,0.0,-0.97214,0.97674,0.0,0.0,0.048711,0.16563,0.24886,0.10859,0.24993,0.0,0.0,0.0,0.0,0.0,0.0,0.0,0.23439,-0.21442,0.0,0.0
0.99794,0.9727,0.92796,-0.95215,0.0,0.0,0.0,0.0,0.0,0.0,0.0,0.0,-0.97577,0.97776,0.0,0.0,0.064146,0.23206,0.37268,-0.30562,0.0,0.0,0.0,0.0,0.0,0.0,0.0,0.0,0.21881,-0.20973,0.0,0.0
0.99812,-0.96701,-0.88346,-0.86251,0.0,0.0,0.0,0.0,0.0,0.0,0.0,-0.92043,-0.96877,-0.96572,0.0,0.0,0.061292,-0.25475,-0.4685,-0.50604,0.0,0.0,0.0,0.0,0.0,0.0,0.0,0.26926,0.24798,0.25959,0.0,0.0
-0.99933,0.0,0.0,-0.7884,0.0,0.0,0.0,0.0,0.0,0.0,0.0,0.96554,-0.96572,0.95744,0.0,0.0,-0.036584,0.0,0.0,-0.61516,0.0,0.0,0.0,0.0,0.0,0.0,0.0,-0.26027,0.25959,-0.28863,0.0,0.0
-0.99862,0.0,0.0,0.0,-0.75339,0.0,0.0,0.0,0.0,0.0,0.0,0.96894,0.96849,0.87614,0.0,0.0,-0.052568,0.0,0.0,0.0,-0.65757,0.0,0.0,0.0,0.0,0.0,0.0,-0.24731,-0.24905,-0.27439,0.0,0.0
-0.99856,0.0,0.0,0.0,0.71903,0.76786,0.0,0.0,0.0,0.0,0.0,-0.97191,-0.97488,0.0,0.0,0.0,-0.053567,0.0,0.0,0.0,0.6436,0.64062,0.0,0.0,0.0,0.0,0.0,0.23536,0.22271,0.0,0.0,0.0
0.99896,0.0,0.0,0.0,0.0,0.76368,0.77606,0.0,0.0,0.0,0.91518,0.97364,-0.97214,0.0,0.0,0.0,0.045574,0.0,0.0,0.0,0.0,0.64559,0.63066,0.0,0.0,0.0,-0.24689,-0.22807,0.23439,0.0,0.0,0.0
-0.99929,0.0,0.0,0.0,0.0,0.0,-0.77404,0.8059,0.0,0.0,0.97009,0.97251,0.9615,0.0,0.0,0.0,-0.037584,0.0,0.0,0.0,0.0,0.0,-0.63313,0.59205,0.0,0.0,-0.24275,-0.23284,-0.27482,0.0,0.0,0.0
0.99987,0.0,0.0,0.0,0.0,0.0,0.0,-0.82557,-0.94714,-0.99683,-0.96777,0.96901,0.93832,0.0,0.0,0.0,0.016109,0.0,0.0,0.0,0.0,0.0,0.0,-0.56431,-0.32082,0.079509,0.25185,-0.24702,-0.32066,0.0,0.0,0.0
-0.99991,0.0,0.0,0.0,0.0,0.0,0.0,0.0,0.9833,-0.98189,0.94604,0.9493,0.0,0.0,0.0,0.0,-0.013592,0.0,0.0,0.0,0.0,0.0,0.0,0.0,0.18198,0.18944,-0.32404,-0.31438,0.0,0.0,0.0,0.0
-0.99918,0.0,0.0,0.0,0.0,0.0,0.0,0.0,-0.99625,0.92878,-0.8949,0.89835,0.0,0.0,0.0,0.0,-0.040582,0.0,0.0,0.0,0.0,0.0,0.0,0.0,0.086484,-0.37064,0.44627,-0.43928,0.0,0.0,0.0,0.0
-0.99901,0.0,0.0,0.0,0.0,0.0,0.0,0.0,0.89852,0.82528,0.82279,0.77983,0.0,0.0,0.0,0.0,-0.044578,0.0,0.0,0.0,0.0,0.0,0.0,0.0,-0.43892,-0.56473,-0.56835,-0.5302,0.0,0.0,0.0,0.0
0.99907,0.0,0.0,0.0,0.0,0.0,0.0,0.0,-0.74411,0.73881,0.75693,0.0,0.0,0.0,0.0,0.0,0.043027,0.0,0.0,0.0,0.0,0.0,0.0,0.0,0.66806,-0.67392,-0.6535,0.0,0.0,0.0,0.0,0.0
0.9992,0.0,0.0,0.0,0.0,0.0,0.0,-0.67739,0.68112,-0.70058,0.0,0.0,0.0,0.0,0.0,0.0,0.040059,0.0,0.0,0.0,0.0,0.0,0.0,0.73563,-0.73217,0.71358,0.0,0.0,0.0,0.0,0.0,0.0
-0.9997,0.0,0.0,0.0,0.0,0.0,0.64222,0.66552,0.68507,0.0,0.0,0.0,0.0,0.0,0.0,0.0,-0.02459,0.0,0.0,0.0,0.0,0.0,-0.76652,-0.74638,-0.72848,0.0,0.0,0.0,0.0,0.0,0.0,0.0
0.99988,0.0,0.0,0.0,0.0,0.6363,-0.64666,0.64317,0.0,0.0,0.0,0.0,0.0,0.0,0.0,0.0,-0.015299,0.0,0.0,0.0,0.0,-0.77144,0.76277,-0.71754,0.0,0.0,0.0,0.0,0.0,0.0,0.0,0.0
-0.9981,0.0,0.0,0.64429,-0.63747,-0.65047,0.61299,0.0,0.0,0.0,0.0,0.0,0.0,0.0,0.0,0.0,0.061554,0.0,0.0,-0.67924,0.77048,0.75953,-0.67662,0.0,0.0,0.0,0.0,0.0,0.0,0.0,0.0,0.0
-0.99411,0.97139,0.83597,-0.68179,-0.64819,0.0,0.0,0.0,0.0,0.0,0.0,0.0,0.0,0.0,0.0,0.0,0.10838,-0.23751,-0.54878,0.73155,0.76148,0.0,0.0,0.0,0.0,0.0,0.0,0.0,0.0,0.0,0.0,0.0
0.9975,0.97557,0.84948,0.69921,0.0,0.0,0.0,0.0,0.0,0.0,0.0,0.0,0.0,0.0,0.0,0.0,-0.070731,-0.21969,-0.52762,-0.71491,0.0,0.0,0.0,0.0,0.0,0.0,0.0,0.0,0.0,0.0,0.0,0.0
-0.99828,0.99241,-0.8773,-0.7161,0.0,0.0,0.0,0.0,0.0,0.0,0.0,0.0,0.0,0.0,0.0,0.0,-0.058559,-0.12299,0.47995,0.69799,0.0,0.0,0.0,0.0,0.0,0.0,0.0,0.0,0.0,0.0,0.0,0.0
